260 745
622 784
997 239
102 527
165 531
525 104
502 433
489 27
131 321
27 46
878 768
597 424
117 525
39 914
38 282
137 532
807 133
896 481
237 646
515 571
278 954
514 355
404 745
205 908
233 394
735 910
71 520
86 764
339 383
363 920
686 889
146 596
281 450
34 445
759 473
225 306
693 1
163 286
880 179
416 79
714 654
530 17
901 183
403 286
130 142
716 97
809 974
929 839
275 786
710 29
696 58
460 130
960 460
580 178
926 991
3 68
481 978
138 520
656 971
126 847
499 406
744 649
466 782
994 936
387 511
630 692
415 28
547 179
930 283
976 707
246 487
591 662
125 697
55 984
839 718
731 227
247 999
689 107
97 257
166 569
938 325
382 428
163 530
355 192
15 750
197 111
502 135
275 219
990 408
308 325
264 579
426 555
5 943
560 782
848 154
909 111
395 5
756 99
462 856
270 710
768 482
438 785
138 678
447 341
987 10
641 452
570 596
34 848
104 293
226 900
186 248
905 818
758 917
514 139
971 930
752 813
857 670
653 86
179 278
440 683
638 226
952 121
637 603
992 457
938 547
698 875
779 794
163 387
452 816
360 372
63 243
17 216
849 70
206 32
180 138
198 328
649 51
990 189
232 217
614 125
337 936
778 868
54 990
121 987
74 210
150 371
558 414
988 633
698 354
489 600
337 409
264 686
804 521
953 197
477 150
791 67
865 615
315 102
19 67
523 251
259 896
10 232
882 693
180 235
88 627
185 165
478 776
619 329
712 551
883 454
372 843
706 890
29 162
25 682
79 780
613 189
376 246
807 975
705 415
116 247
494 980
576 706
533 337
220 352
152 758
548 300
835 739
917 547
72 623
765 851
433 596
816 842
384 904
721 902
62 117
251 891
549 663
478 65
304 357
855 347
736 12
39 121
273 121
448 252
228 57
968 642
145 29
388 58
151 396
765 164
721 833
357 290
98 27
100 293
729 97
234 739
631 218
277 590
611 816
377 455
84 383
993 102
536 485
768 151
745 292
707 652
743 108
65 761
125 676
579 480
613 494
156 74
777 983
809 646
847 587
330 815
329 469
602 751
708 689
407 211
591 363
439 130
92 756
394 235
871 657
370 897
560 576
290 812
277 277
31 276
982 302
140 540
441 33
16 324
105 77
423 362
803 740
399 866
463 410
307 680
996 179
839 564
436 838
256 287
777 667
751 483
519 342
24 272
59 181
923 331
992 353
299 451
222 835
693 503
215 525
717 862
121 673
83 235
961 234
658 393
411 707
272 670
232 546
21 51
20 785
722 453
718 602
869 283
765 237
930 308
301 514
600 786
898 804
829 313
854 724
774 872
804 532
534 864
397 327
185 873
865 561
715 93
64 320
865 296
759 451
233 188
688 716
762 213
984 837
211 981
978 285
884 226
567 92
196 685
66 13
592 516
425 174
919 900
563 986
720 229
625 865
989 875
374 853
440 366
202 939
590 77
134 498
138 197
431 973
104 738
657 871
683 75
84 222
781 765
296 50
407 323
199 921
257 577
773 538
7 498
592 666
952 950
542 772
169 382
73 723
777 566
594 925
816 174
337 948
461 435
616 909
252 781
152 873
812 526
46 605
69 994
217 969
940 213
370 625
784 213
176 776
270 252
134 434
919 627
741 74
593 457
720 354
583 764
267 433
629 721
367 228
329 945
860 756
508 487
859 876
164 147
373 91
905 189
837 758
972 116
377 273
196 94
790 433
658 238
263 715
246 786
530 563
198 117
362 23
783 708
789 647
721 970
431 811
880 302
381 261
269 619
874 969
792 29
88 427
240 30
380 585
248 289
381 293
281 511
645 491
457 822
456 340
849 190
958 723
578 654
143 937
586 12
489 628
765 985
580 366
307 599
680 324
495 258
707 168
547 499
305 839
93 4
897 617
332 630
153 662
789 557
918 344
737 557
715 350
521 249
884 624
150 158
476 100
912 302
945 710
862 757
611 44
176 121
987 487
573 977
438 345
17 850
727 47
353 870
868 228
695 580
938 500
944 88
295 933
718 30
712 162
339 346
464 974
875 934
741 215
728 254
764 635
848 482
190 755
256 386
424 758
762 914
226 471
695 765
138 8
604 882
276 191
76 219
462 272
814 760
504 843
253 376
835 293
632 516
172 718
205 538
302 829
111 308
55 589
250 966
508 822
682 119
266 39
682 225
359 859
883 528
719 180
503 133
330 715
77 934
816 952
501 615
972 921
34 409
935 862
201 501
704 135
26 879
488 460
924 278
916 852
590 521
833 67
524 606
514 207
95 110
125 12
652 863
930 847
139 57
299 69
692 29
980 63
808 669
800 864
4 535
7 830
211 123
439 926
160 463
952 58
840 685
962 495
529 72
290 379
982 594
116 437
728 600
11 639
350 702
549 548
613 544
991 667
553 786
605 98
158 348
830 761
95 676
379 308
525 280
551 951
260 805
554 719
626 197
722 410
587 340
11 989
427 610
187 245
154 722
798 164
918 777
724 6
360 212
480 581
601 518
911 106
387 372
461 316
752 709
713 687
600 591
847 628
698 497
137 626
86 959
410 998
797 48
218 498
298 455
855 606
960 529
425 649
523 107
685 955
988 874
979 672
295 378
829 630
738 308
227 350
218 391
148 660
109 462
352 971
645 681
411 643
849 946
994 850
591 634
60 710
67 259
927 904
798 534
370 964
201 143
186 601
770 702
290 732
25 917
502 500
293 407
89 334
491 562
758 671
145 238
395 717
749 886
629 522
289 319
379 259
865 463
650 505
510 151
812 190
433 794
732 998
503 198
589 476
618 296
134 904
634 998
141 59
604 222
707 133
546 679
934 26
603 522
163 174
532 681
663 36
456 881
380 194
466 192
844 261
876 147
301 224
820 293
731 962
551 510
924 803
404 782
664 621
691 162
962 743
41 538
96 277
711 909
982 282
381 193
506 422
907 639
735 720
920 484
566 530
489 775
245 271
433 63
732 247
291 589
350 222
199 918
620 275
461 348
634 265
639 509
124 581
8 516
854 56
839 878
448 966
163 141
836 643
904 704
892 951
291 892
192 17
893 839
307 25
884 684
509 238
529 76
80 590
426 263
169 771
520 762
202 526
303 47
836 455
865 579
964 977
979 307
495 422
589 942
175 575
894 996
855 318
247 912
369 664
880 152
116 176
572 227
899 295
146 669
193 901
853 859
559 597
735 861
470 525
862 286
704 638
811 268
151 816
190 164
946 255
24 568
698 989
403 941
133 150
256 785
381 450
435 645
412 546
691 862
0 195
3 956
776 475
938 808
831 703
399 371
692 150
819 868
437 452
268 778
361 751
523 378
395 619
335 46
310 672
364 740
986 408
836 965
684 970
345 494
233 202
689 712
592 3
880 46
275 139
134 325
840 595
661 966
922 916
8 427
225 9
196 861
441 612
589 93
772 411
416 423
114 32
494 295
423 349
212 906
679 719
53 866
843 858
26 295
837 960
578 471
376 988
233 251
477 649
381 354
184 845
717 457
110 892
54 706
323 687
698 750
876 90
705 789
70 669
814 499
465 168
28 443
555 152
605 165
437 423
570 929
100 407
578 680
667 584
239 575
748 953
912 109
930 207
350 55
256 49
870 877
151 68
240 568
429 480
782 1000
794 124
170 204
353 437
756 19
848 363
195 234
308 614
776 221
483 290
17 130
476 268
726 884
204 512
137 59
223 837
329 626
585 467
836 151
227 35
883 807
620 232
780 758
21 927
884 519
253 222
171 329
2 449
37 354
446 445
64 329
591 289
690 569
69 134
524 325
215 871
15 627
73 29
850 532
399 371
625 700
828 393
123 698
301 3
66 538
200 764
502 776
603 428
105 776
248 322
803 927
56 497
828 794
927 691
714 74
358 734
26 643
740 750
899 695
625 686
885 991
53 145
906 564
409 767
268 561
859 361
807 279
194 591
289 160
845 453
147 208
156 226
585 464
991 419
772 581
360 378
349 631
60 502
90 814
416 919
952 670
719 22
927 757
247 482
245 900
325 650
124 935
350 558
268 247
730 154
773 612
17 27
118 591
552 882
391 481
772 892
687 182
745 128
887 636
684 224
119 39
767 558
663 284
252 956
541 662
118 714
384 48
250 448
465 272
431 770
641 992
303 350
216 437
285 167
557 993
623 399
121 492
146 441
723 2
774 501
52 50
834 23
40 77
26 584
0 198
613 797
995 535
654 405
206 248
181 997
375 542
721 556
339 454
418 822
211 397
536 139
749 550
757 557
40 537
875 366
714 229
241 307
129 853
518 823
916 848
196 387
249 100
382 676
210 214
644 346
118 452
293 650
847 156
56 336
9 460
784 909
150 590
363 763
769 93
739 149
712 541
948 68
33 941
572 563
770 568
777 89
311 571
781 384
470 550
328 917
717 606
653 444
229 232
686 706
359 654
895 996
980 558
687 180
578 430
359 58
793 716
439 255
565 365
391 147
676 965
800 524
889 104
263 672
344 714
224 714
7 180
914 133
343 626
704 950
260 587
1 986
882 830
